1111S1111111111111111111111
100000000000001000110111011
1011D11111101010100D0DD0011
100001000000101110110110111
111101011111101000011110011
100001010100001011010110111
101101010101111010010110111
100100000100000010110110111
110111110111101110010110111
10010001010000101D110110111
101101010111101000010110011
100001010100001011010110111
111111010101111010010110111
101000010100100010110110111
100010110110101110010110111
101110100000101011010110111
101000111111101000010110111
10111D101000101011110110011
10000000001000D0000D0DD0111
1111111111111111M1111111111ÿ